1647132453	2	30	0
1647132707	3	30	0
1647184092	2	30	0
1647770233	2	15	0
1647782886	1	15	0
1647782977	1	15	0
1647784634	2	15	0	9.9904	1.3660118399999999	7.49	13.03	9.2975	10.075	10.524999999999999	0.9243839999999999	0.511526060544	2.500399999999999	3.0396	0.6928999999999998	0.08460000000000001	0.5346000000000002	0
1647785050	1	15	0	9.1834	1.8570864400000004	6.9	12.12	8.3975	8.815000000000001	10.395	1.180336	0.4638933671039998	2.2834000000000003	2.9365999999999985	0.7859000000000012	0.3684000000000003	1.2115999999999998	0
1647785238	1	15	0	9.885333333333334	3.061211555555555	7.5	15.22	8.48	9.31	11.27	1.437037037037037	0.9961361097393692	2.3853333333333335	5.334666666666667	1.405333333333333	0.575333333333333	1.384666666666666	0.09
1647785371	3	15	0	9.558200000000001	2.8527587600000004	7.02	17.92	8.432500000000001	9.325	10.47	1.1918400000000005	1.4322761743999997	2.5382000000000016	8.3618	1.125700000000001	0.23320000000000096	0.9117999999999991	0
1647785416	1	15	0	9.0682	2.3751267600000006	6.29	14.06	8.032499999999999	8.95	9.59	1.166928	1.0134058028160005	2.778199999999999	4.991800000000001	1.0356999999999998	0.11819999999999897	0.5218000000000007	0
1647785829	1	15	0	10.257021276595744	1.4055698506111363	7.68	13.77	9.58	10.24	10.89	0.8992575826165687	0.5969056507177417	2.577021276595744	3.512978723404256	0.6770212765957435	0.017021276595743373	0.6329787234042561	0.06
1647786202	1	15	0	0E+00	8.5922	1.5084251600000005	6.24	11.1	7.7275	8.71	9.3675	1.0160239999999998	0.4761203914239999	2.3522	2.5077999999999996	0.8647	0.1177999999999999	0.7752999999999992	0
1647786548	1	15	0	0E+00	9.1252	0.9172569599999999	6.72	11.51	8.645	9.14	9.685	0.7601920000000001	0.339365083136	2.4052	2.3848000000000003	0.48019999999999907	0.014800000000001035	0.5598000000000001	0
1647786722	1	15	0	0	9.589200000000002	0.8726673600000002	8.03	12.27	8.934999999999999	9.5	9.935	0.7275360000000005	0.3433587287039998	1.5592000000000024	2.680799999999998	0.6542000000000021	0.08920000000000172	0.3457999999999979	0
1647786763	1	15	0	521800	9.253800000000002	1.2512315599999997	7.49	12.08	8.3925	9.17	10.17	0.9463520000000004	0.35564945209599974	1.7638000000000016	2.8261999999999983	0.8613000000000013	0.08380000000000187	0.9161999999999981	0
1647786791	1	15	0	0	9.967708333333334	2.5788343315972226	7.94	19.62	9.217500000000001	9.8	10.3425	0.8465885416666667	1.8621221727159292	2.027708333333334	9.652291666666667	0.7502083333333336	0.16770833333333446	0.3747916666666655	0.04
1647786917	1	15	0	534800	9.940408163265303	1.8024243231986674	7.36	16	8.95	9.92	10.75	0.9792086630570594	0.8435747173926734	2.580408163265303	6.059591836734697	0.9904081632653039	0.02040816326530326	0.8095918367346968	0.02
1647786934	1	15	0	0	9.089399999999998	0.96779764	7.44	10.78	8.3325	8.99	10.0825	0.8405279999999997	0.2613103212160004	1.6493999999999973	1.6906000000000017	0.7568999999999981	0.09939999999999749	0.9931000000000028	0
1647786981	1	15	0	505800	8.115000000000004	0.4546530000000001	6.71	9.72	7.5375	8.02	8.48	0.5454000000000002	0.15719183999999975	1.4050000000000038	1.6049999999999969	0.5775000000000037	0.09500000000000419	0.36499999999999666	0
1647787174	1	15	0	0	7.3262	0.6292115600000001	5.95	9.72	6.7825	7.279999999999999	7.657500000000001	0.5998959999999998	0.26933634918399996	1.3761999999999999	2.3938000000000006	0.5436999999999999	0.04620000000000024	0.33130000000000015	0
1647787210	1	15	0	223900	8.5675	2.44364375	6.99	17.02	7.822500000000001	8.2	8.735	0.9214583333333336	1.5945582899305546	1.5775000000000006	8.452499999999999	0.7450000000000008	0.3675000000000006	0.16749999999999954	0.04
1647787234	1	15	0	504200	8.077999999999998	0.4779079999999998	6.89	11.2	7.7125	7.98	8.387500000000001	0.47095999999999977	0.2561046784000002	1.187999999999998	3.1220000000000017	0.3654999999999975	0.09799999999999764	0.309500000000003	0
1647787249	2	15	0	0	7.895200000000001	0.29745296	6.61	9.08	7.5325	7.77	8.355	0.45603200000000016	0.08948777497599983	1.2852000000000006	1.1847999999999992	0.36270000000000113	0.12520000000000087	0.45979999999999865	0
1647787276	1	15	0	520800	8.135510204081632	0.7060533111203664	6.93	11.1	7.49	7.92	8.5	0.6359100374843814	0.30167173534697916	1.205510204081632	2.964489795918368	0.6455102040816314	0.21551020408163168	0.3644897959183684	0.02
1647788296	6	15	0	0	47.773999999999994	721.9199440000001	8.78	128.77	30.41	40.45	57.65	20.00856	321.5774707264	38.99399999999999	80.99600000000001	17.363999999999994	7.3239999999999945	9.876000000000005	0
1647788313	3	15	0	0	53.63499999999999	1205.7601970000003	9.49	145.63	31.479999999999997	41.015	74.56	27.8574	429.7254622400003	44.14499999999999	91.995	22.154999999999994	12.61999999999999	20.92500000000001	0
1647788334	3	15	0	0	38.604400000000005	455.97507664	11.62	91.76	21.549999999999997	32.964999999999996	49.39	16.798528000000005	173.784533673216	26.984400000000008	53.1556	17.054400000000005	5.639400000000007	10.785599999999992	0
1647788353	4	15	0	506200	37.000600000000006	196.52958963999998	10.01	69.45	27.132500000000004	35.795	45.0925	11.233848	70.33024875289598	26.990600000000008	32.4494	9.868100000000005	1.205600000000004	8.091899999999995	0
1647789196	2	15	0	0	33.26125	452.6462109374999	9.99	119.49	21.404999999999998	29.715	37.647499999999994	13.147968749999999	279.77712868652344	23.271249999999995	86.22874999999999	11.856249999999996	3.546249999999997	4.38625	0.04
1649765631	4	0	0	39.99479999999999	306.60730096	11.94	81.44	24.080000000000002	41.3	52.33	14.691408000000001	90.76983193753598	28.054799999999993	41.44520000000001	15.914799999999993	1.3052000000000064	12.33520000000001	0
1649769791	5	15	0	39.97159999999999	225.07179344000005	15.33	80.32	30.0325	37.735	47.5775	11.660991999999997	89.09305901593603	24.64159999999999	40.348400000000005	9.939099999999987	2.2365999999999886	7.605900000000009	0
1650853534	1	15	0	9.5692	2.9207433600000003	6.49	16.53	8.542499999999999	9.219999999999999	10.625	1.30744	1.2113440064000003	3.0792	6.960800000000001	1.0267000000000008	0.3492000000000006	1.0558	0	0:0.036;1:0.035;2:0.055;3:0.038;4:0.266;5:0.033;6:0.036;7:0.032;8:0.033;9:0.045;10:0.036;11:0.039;12:0.045;13:0.031;14:0.034;
1651717312	1	15	0																0:0.030;1:0.030;2:0.031;3:0.029;4:0.030;5:0.030;6:0.031;7:0.030;8:0.030;9:0.032;10:0.032;11:0.030;12:0.031;13:0.031;14:0.030;	10168200
1651717513	1	15	0																0:0.035;1:0.035;2:0.036;3:0.036;4:0.034;5:0.035;6:0.035;7:0.035;8:0.035;9:0.035;10:0.035;11:0.035;12:0.035;13:0.035;14:0.035;	9835900
1651717882	1	15	0																0:0.037;1:0.035;2:0.036;3:0.036;4:0.036;5:0.035;6:0.035;7:0.036;8:0.037;9:0.036;10:0.036;11:0.037;12:0.036;13:0.037;14:0.036;	9735200
1651717954	1	15	0	5.463199999999998	0.06227775999999998	4.49	5.75	5.49	5.5	5.5075	0.11531200000000187	0.048980902655999616	0.9731999999999976	0.28680000000000216	0.026800000000002377	0.036800000000002164	0.044300000000002004	0	0:0.034;1:0.033;2:0.033;3:0.033;4:0.034;5:0.033;6:0.033;7:0.034;8:0.034;9:0.034;10:0.034;11:0.046;12:0.035;13:0.034;14:0.034;	10015300
